data_ingestion:
  test_size: 0.21
  data_source: 'path/to/data/source.csv'

model:
  learning_rate: 0.15933315661811834
  n_estimators: 272
  max_depth: 9
  min_child_weight: 1
  subsample: 0.8261207403464462
  colsample_bytree: 0.6221149729127035
  gamma: 4.48032662619819
  reg_alpha: 0.8688526217318796
  reg_lambda: 0.4660114566903573
  random_state: 42

